doi:10.13130/RD_UNIMI/PKZ7FJ
doi:10.13130/RD_UNIMI/DP08SC
